BRENNER, ANTEOKN. ΓΒ. SVENSKA JENISEJ-EXPEDITIONEN. 87

011183 (10131 31 (101131, 17010 vi 11οἁ53113ᾶο 311 1051113003 vara
forskningar 1110501131]άο 1111 (1011113 1731, 1715501118011 83115113
171(1511301113, 513110115011.

Delma, 111150111 18110011017-031113 (1011 531111011111 3117011 01-
1183 031 1 Jenisejs (10113 310 51711031118011 011(13(10 31 110(1011 0011
01110151101135 11351311 0011 0011 1131101 31 1731111οἀ00, 31 1117315 111οά-
101(13 5311(1, 513111 0011 (111117οἀ (10 31118011 01113113 011 ny 1111011111118
1 5111 1113553. Delma 1113553, 11173131 011 tjockt 10113801· 01101 1108-
’ 1731111015 upphijrande 1101113001 3111 50111 0010111111 518 under
17311011, 11110011 111οᾶ (1011 11110 31 1151131110101113 'anda upp 1 131101,
31531101 518 50(1311 011 11311 011 17155 110](1 111111711(15311118351 131185
511311(101113, 11173131 101ᾗᾶο11 01111701, 311 (10553 5011118011 11111173
110810 311 (101 11110 31 011. Ρ3 51311011, (131 110(1011 51111111 518
011 djupare 1313 0111011311 031113, 110(113531 011 (101 31 (1011 011013ᾶο
jorden, 0011 53011013 1111115113 (10553 5173113, 11101 311 1311111511083
511311(101311101. 50111 under 11085011111131011 0011 11051011 811173
(10553 031· 011 53 (11751011 utseende. Denna strandbrant 31
(13 (1011 008513 delen 31 011 0011 3311110101501715 1011, 1110(1311 (1011113
101 011181 31 138 0011 5111111118. Ρ3 311(113, 810οᾶ310 51311011
110101 518 511311(1011 11131 land ytterst 1308531111, 53 311 111311 131
83 131181 11111311 111311 1131 008513 punkten, men (131111311 1101110101
111311 001153 8011351 111 Ρ3 (1011 1115701101 171(1511301113 sumpmarken.
Ρ3 (11711113 51311011 11883 171(1 1381731100 171(13 511301101 31 sand-
1101111011 011701 17311011171311, 1110(1311 111311 171(1 (10101510311111ᾶ3
,5113οᾶοΓ113 11311 83 111οᾶ 3118031011 11351311 1111111 1311(1. 831731
11313 5113110100, 50111 1 (101 11110 31 011 11883 011 1113118(1 510110 0011
mindre sjbar, 31 01711113 (10 50111 80110111 1138011 5. k. protok 01101
1131111118 1131131 513 1 5310031101 111οᾶ 110(1011 1131173 11083 5113οᾶ01
0011, 3101111510Πο (1011715, 5311113 0011011170801311011, (10 311(113
(131011101 hilda en 0111οᾶ01031 101(1]’1η1111118 1 1110551131101.

Ε8011(10111118 50111 031113 53311173 31· 3117011 (1011 170801311011
031 111111111 10113510, 38311ἀο sin 1110151731181101 011(1351 pa 13 51311011
31 (10 under 1731011 01170151731111113ἀο 13810 (10131113 31 13511300101.
Ι 31131081 111οᾶ 031113 171(1 1701080173 0011 Τ1111100311511, 01711113
ju 3117011 31 1731110600 011701517311111135, hysa (10553 (10113031 011
101 (1011 11083 polhbjden ]’311110101501715 1111 11013 31 17311101· 50111
31 110(1011 01110115, 0011 01711113, 13011 17310 (101 11311 5οὀοΓ 110111-
mande 1731111310 1731111015 111170111311, 1131 1 (1011 001(1183 ]’01(1111311011
531ᾶο105 yppigt utveeklats. Vegetationen 17153ᾶο 518 001153
(131101 1 33101010150 med fastlandets 17313 531731 11ᾶ18310 50111
1111310 p& sydligare former, 50111 1131 031173 5111 1101(1813115. Men

